, .--.-„*--.-„-*-. γ

4464844
844 944979 944444 944484 944447 944499 ‘
844 944668 944666 944749 944766 944849
844 944446 944489 944444 944494 944447
844 944664 944746 944769 944844 944874
824 916191 916243 916296 976449 946464
825 916717 946776 946844 946874 946947

8Ξ8 944444 947494 947448 947499 947444 4
844 947768 947849 947874 947944 947978 4
848 448444 948444 948497 948449 948494 44
829 918816 918869 918921 918973 919026 44ἱ
844 949449 949494 949444 949496 949449 44
831919629¹⁹AE9¹⁹AE92202292Q

8'3'3 949484 949446 949489 949444 949494 44 .
Q3ssww9w½8ssww9ssw2ssssu52
834921426 944478 944449 944484 944644 44
835 921946 921998 944646 944464 944444 52
Q6muffi9nn8ssnw9nm2m½m52
847 984984 ,8247 Q Q Q ,43
848 ᾆῖξξοῖ 944444 944697 944648 944749 44
844 444444 944974 944444 944476944448 44-
840 924538 944489 98464ι 484694 984744 44
, 844 444444 944496 944447 944499 944464 4 ,
. Μ4ωῆω9ῆῶ4ΜῴΠ9ἥΠ4ΜῆΆ 5.
844 886084 Q Q ⁹.².⁶.².³.⁹. Q 44

8m9wwwssfflv9ww2sswu9wffis5

844 947444 947464 947446 947468 947449 44
Q6mwn9vffl ssvw9mss1ssssss51
847 948449 948494 988848 948494 948444 44
848 444444 948794 948444 448844 448844 4,
849 949464 989-844 939888 Q 949464 4

w

QOEQ—ssmm
ww ωωωῳω

,ἵὲ

nu·- '

849 949674 949744 989776 949847 949878 44
844 949484 949446 999487 949448 949489 44
¹ 844 949694 949744 949796 444844 949898 44
4 8ῃφμωςῃημ9ῃῳςῃιῴ9ῃω744
, 844 944744 944764 944844 944864 944944 44
Q 9υω94444ηπ9ῃ 2mu2 4

 

