3 ww
, from 1, ‘To 16690.Ι , ,
ἒ u 5³ 6 7 8· 7 ’8

778 {iffi-53 777778 777777 777778 777-76777
7 709 977784977997 977998 3218032322012207
ζ 777 777777 777478 ..777667 777879 774777 776

211 325310 325516 325721 32592 976797 205
¹· 777 777777 777767 777767 777777 778776

ζ 774 777477 777677 777877 777774 777776 777

7 «777 777447 777647- 777877 777777, 774777 ·

⁴ 88 888Ξὲ 888ξὲ 8888 ’888ἓὲ8 888ῗέ

' 778 777477 777677777847 747747 747746 777 »
-312341435‘QQQQQS

m

³. 777 747477 «747676, 747877 747777 744776 777
1 777 747774 747777 747766 747767 746777 776
, 777 747777 747777 747777 747777 778777
7 777 747778 747777 747666 747867 777774 92-
, 774 777776 777477 777677 777776 777787 -
4777 77747 Q Q Qfflrva
776 ᾗῖ768 777767 ’777477 777647 ’777874 7·

777 776787 777777 777767 777774 1777744 777
778 778886 ’777776 777767 777476 767646 .
779 966789 960977 967767 967997 967799 -ι89
799 967977 967899 969648 969796 969474 788
777 764777 764777 764776 767777 767777 788

799 968787 968479· 96869 968846 867790 86
777 777 77 778 788 77 ’
' 888 888887 884777 ’874878 ’774787 ’774767 78

7 8-7 7768 77787 Q 776777 Q 87

m

1 798 ’977488 9776747 977897 978794 978776 78
777 777777 777487 777668 777847 787777 787
‘ 74778774 787776 787476 78767 7878
ι 74778777 787777 787777 78777. 787 7
747 787777 ’784877 787477 787747 787777 ,
’ 74 86,·τ 8667 7868. 774 87777,,,

 

