955 79 955996 955969 959657 49
95956 999465 999495 959969 46
WQQQA

959979 999495 959476 ⁴

999896 999965 959999 46

966 994949 994995 994999 994967 954499 4·,
965 954799 994779 994655 994 69 994956 46
959 999967 999559 959969 955995 799999 ³
QQQQQQAE
904 956566 956216956264956313 95636141
Ι965 996649 996697 956749 996795 996646 46 ·
¹ 966 997556 957576 997994 957979 997996 ξ
, 1 957667 997699 99ζ769 957795 997799 ··
966 956666 956594 95 555 996999 956977 46,
QQQQQQAE

5 ’,956 999645 955669 999597 999564 999699 46
955 999956 959566 999654 999665 999799 46
959 959995 966049 960996 960138 9659565 43

5 959 966971 ’966556 966966 966655 96066142

’ 954, 966956 ’966995 969945 965689 965596 4

6 995 Q Q 965556 Q 965655

x 955 965699 965949 965996 966696 969555 47
¹ 962369 962417 965564 969555 9⁶²559 4 ·

969696 969997 969969 969699
9ἕ9ὲ4ἔ6 923457 969594 47

 

