A Table of 8698699959,

,“ ο '1 =
Wffifflffimffm
549 474748 474454 444578 4447991447944744.
²50 544449 544546 544655 544859 545646 466
445 374444 374448 444794 344849 445745 ,5
255 886846 886848 886748 836986. 4²7¹ 55 0·

549 47 48437358 4-554 9945955465
7744444744 44477 44484955564555555 .
215 447448 4 7749 4448 44 34444 44474 ·
777 4444544 44755 444847 4484494 54555 5 ,
445 5564665 566665 56866 596 ..

ffifflfflwmw'
2¹9 340444 546644 484447 347459 55542798

’ 496 544445 342645 3478173 545644 545454 49
235 444495 44458 444585 444987 344758 595
5948467848 886·988 8878888 98

544 44 45 794 448885 434478 79
350444 556656 5595684 554645 495
,’ 35452145'352574 4475784 57-7-77 457957 795

777 4544484 4354 3771 4 4495 454785 454847 79
1775457477 457775 45747 57-594 457597 797
w 747 5555 5535 {555 54775·
868988 86876 56449 6845699839 7
474847 47448-9 47494 54554 55 j

744 44Τ474 545455 3⁶5444 44444 447444 ’85 ’
744 475457 474 47 3⁶7 4479 474975 578747 47
74447975 479447 479584 479447 479958 775
’ Ὶ44777 457744 447445 474774 447847·
747 447474 444497 44844474 4447 47444
,744 454548 44449-7 57511 4574 44548 [84

9 34444 787 ’
4

8 4
4

 

