Q

ᾼ Table of 8888888818,

806 1 68 “
641 806898 806926 806999 807061 807889 68 ’
642 807999 807609 807670 807798 807809
649 808211 808279 808946 808414 808481 67
644 808886 808999 809021 809088 809196 67
999.809960 809627 899994 899999 899899 67
646 810299 810900 810967 810494 810901 67
647 810904 810971 811099 811106 811179 67
648 811979 811642 811709 811776 811849 67- “
649 812249 812912 812979 812449 812912 67
690 812919 812980 819047 819114 819181 66
{j} 899989 819648 819714 819781 819848 66
692 814248 814914 814981 814447.
611 811111 811186811616 811111
6111811118 811611811111 811111 8
699 816241 816908 816974 816440 816906 66
696 816904 816970 817096 817102 817169 66
697 817969 817691 817698 899994 899899 199

ψ-

698 818226 818292 818998 818424

699 818889 818991 819017 819089 819149 66
660 819944 819610 819676 819741 819807

661 820202 820267 820999 820999 820464 66
662 820898 820924 820989 821099 821120 66
669 821914 821979 821649 899999 899999

²..- ..ιιι-ο

664 822168 822299 822299 822964 8224 0 69
669 822822 822887 822992 829018 829089 69
666 811111 811119 811611 811611 811111 61
’667 824126 824191 824296 824921 824986 69
’668 824777 824842 824907 824972 829096
669 829426 829491 829996 839999 839989 69
670 826079 826140 826204 826269 826994
671 826729 826787 826892 826917 8
611811162 811111811112 811161

679 828019 828080 828144 828209 828179
ω4ωωήὼ9ὴω9ωῳ8ὣῶω

8611- 812164 81916 819111 819121 ·

 

