     
     

m ο 1 2 —3 ἑ ·
7¹² 852480 ⁸5²541 852622 857.όῖ7 852724 “”
713 853689 8531511 853711 873277 853333
714 843698 873759 813870 853881 853941
7¹5 854306 854367 854⁴²8 8 ἶ 894549
71⁶ 854913 854974 855934 8 5 855156
m ἰδῇ-19 Q> 85564οὲ 1 8 5761
718 856124 856187 856245 850306 876366
719 856779 896789 856859 856916 856970
720 857333 857393 857453 857513 877574
721 85 935 857995 818956 85 116 858176
777 85 53 85 59 858657 358718 858778
773 85913 85919

 

 

 

  
   
   
       
  
    
   

  

   
  
      
  

 

  

859358 859318 859378
774 859739 8 9799 859859 859918 859978
⁷²5 860338 8 9⁸ 860458 860518 86ος78
716 860937 860996 86:055 861116 8⁶n76
727 861534 ⁸⁶¹594 ⁸⁶¹⁶5⁴ 8⁶¹7¹4 8⁶1773
728 862131 862191 86ης1 862710 ⁸⁶²37⁰
7²9 862727 862787 862847 862906 8⁶2966
730 863373 863382 863447 863591 863561 5
731 863917 863977 864036 1764696 86415 5
732 864511 864579 864639 864689 8647 5
733 865194 865163 865773 865787 865341 5
734 867696 865755 865814 865873 865933 5
735 866287 866346 8664ος 866465 866524 ς

ἦε mm ⁸⁶⁶9„ 86⁶99⁶ ῆς 867114 5

      

     
      
 

      

    
     

      

 

      
 

737 86 467 86 5²⁶ 8⁶ 585 867644 16 703 ς
738 &305⁶ 86 ¹¹5 ⁸⁶ ¹7⁴ 898233 8⁶ ²92 59
739 868644 868703 868762 8⁶8821 860879 ς
749 869737 869799 869349 8694ο8 869466 5
ffl 869&ss 969877 869935 869995 876953 5
7⁴² 870407, 87c462 ⁸7⁹5²¹ 870579 870638

7⁴3 870989 ³71047 871106 871164 871293 ⁵³
⁸7¹⁶3¹ ⁸71690 871748 871866 qs

    
   

  
  
    

 

 

{2¹5² {3:3ss 877715 872273 ⁸7²331 872389 58
⁷2⁶ {3232 272797 {mss {3²⁹³ 877977 58

     

 

         

      

