W 1

ΑΤ7880 of 8888888818, ,
6946447
96 69-4Τ466 694469 694647 694744 694696 87 4
97 696746 696444 69644ι 696646 696766 67 7
9 697669 697767 697464 697494 697476 67 ,
,99 698404 698488 698775 698967 698449 87 u
400 696970 699047 499444 799646 669767 87 ‘
&QQQQQQ
404 70704740790 700877 700967 704050 86
407 704548 704654 704744 704877 704947 86 ¹
404 704470 707547 704007 707489 707775 8
405 707494 707777 703467 704749 703635 86
404 704454 744470 764766 764466 764494 86
οΜΨΜΜΜ6
408 705864 705949 706075 706470 706704 85
464 766744 704407 766666 466974 767649 64
440 707574 707655 707740, 707876 707944 85
:11 708474 708506 708594 706676 708761 85
447 769770 709754 769440 709574 707609 85
οΜἮΨΜΜο
444 740969 7440445 744497 744747 744704 84
445 744807 744894 764076 747060 747444 84
744 712650 712734 747848 7479074 747986 87
467 747497 747575 767649 769747 764470 64
448 744940 744444 714497 774584 714665 34
46 Q Q Q Q ⁷¹..⁵„⁵0² ,69
440 746007 746087 766770 76674 716737 ⁸3
464 7464444 746944 747664 7476 747677 64
466 747674 747744 767677 747960 766667 64
477 748507 748984 748068 748774 748874 83
464 769434 744444 749497 749466 769669 69
QQWQQQQQ
746 770986 721068 774454 721233 121316 82
4477744444 774897 774975 777058 777440 84
478 777694 777746777798 777884 777963 82
469 769446 767476 767666 764706 769764 77
470 774776 774958 774440 774577 774607 82
’,74775494 775476 778 25 40 75477 87

 

