928 9⁶7782 967829 967874 967922 96Ξ969
929 968249 968296 968 43 968389 96 436
930 968716 9⁶⁸7⁶3 9⁶8 10 9688561968903
93¹ 969ι83 969229 969276 969323 969 69
932 969649 969694 969742 969789 969 34
9—33 979ιι4 979161 979207 2792747 ⁹70³oe

934, 970579 97⁰⁶²⁶ 970672 9707¹9¹ ⁹707⁶5

e ,

4
4
4
47
Α7
4 ”“

935 971044 971090 971137 971183 97-1259 ¹*

936 971508 971694 971601 971647 971693

· 9³7 971971 972018 972064 9771101 972157

938 972434 97248· 972427 972473 9726ι9
sm Q Q Q Q Q
949 973ᾗ49 973464 97344ι 973497 973443
941 973 20 973866 9739ι3 973949 974994
942 974281 974327 974374 974429 974466
943 974742 974788 974834 974886 974926
944 974262 974248 974294 974349 974386
22 974662 974767 974743. 974799 974844
94⁶ 97⁶=21 976ι67 976212 9⁷⁶2582 976394
947 976479 976627 976671 9767ι7 976763
948 977637 977983ζ 977ι29 977174 977229
949 977499 97744· 977486 9776ἒ2 977678
949 977942 977998 978643 9786 9 978134
25- 978499 978444 978490 978446 97849ι
942 978164 9789ιι 978946 479962 979947
943 979321 979366, 979412 979447 979ςῆ
944 979776 979821 979867 979912 97994
955 980231 980276 9⁸03²2 980367 980412
956 989685 980730 980776 980321 980867
Q 98:139 981184 981779 991774 981370

958 981592 98:637 981683 981728 981773

, 949 987044, 982090 9sm35 987111 987776

9⁶0 982467¹ 982543 982588 982633 982678
96· 982949 982994 983649 983684 983136
962 98343ι 983446 98349· 983436 983411
963 983842 983897 983-42 -83987 984632

Q

⁴
⁴

4

2⁴³?

