Qssssssss4w
928 967948 9 7999 967649 967688 967799Ι ’47
wwwwmmfflmwfflwfflmm
930 968483 968990 968976 968697 968670· 47 ’
994 968990 968996 969949 969999 969496 47 x
932 969446 969499 969999 969996 969699 47 '
9,,99 Q 888878 Q 87288 83888 4⁷
994 979947 979999 979449 979486 979979 46
999 9798ιο 979898 979994 979994 979997 46
090 974976 974999 974969 974449 974464 46
977 974740 974788 974899 977879 974999

978 979997 974949 979999 972342 9⁷²{88

939 979000 979749 979798 979894 979 94

949 977478 979474 979499 979966 977979
944 979990 977676 977689 979798 979774 40

949 974994 974997 974449 974489 974999 4
949 974944 974998 974694 974699 974690

944 974979 979049 979964 979449 979496 46
949 Q 947448 Q 87988 974-899 46

946 979894 879997 979989 976999 976079 40

947 976999 976996 976449 976488 976999 ,

944 976804 976894 976999 976946 976999 46
wwmwmwfflmmmmm
950 977794 977769 977849 777864 977906 46
,9 ι 978494, 978996 948-777 878-777 978967 49.

ῃ

2 978697 978687 978798 978774 974949 49

9 979999 979498 979484 979999 979979
948 979994 979899 878889 979770

5 980003 980049 980094 9 0740 9801 5

0 989498 989997 989949 989994 980640 49

798993 989977 Q ..8888 Q 84

“”8 984766 98ἶ477 984496 984909 987747 45
⁹23 {3333 88ἑῖῗὲ 8888 8888 8Ξοοὲ ⁴⁵
gfflffmfffflffffldeQffl4
962 983175 983220 983265 887770 983

X 96 98 696 989674 989746 987769 9878

 

