from 1, To 10000. f

,Ajgjhjkjk- ‘
Ι 244· 988279 488446 488644 488622 288984 278
22 868 868 828 828 882, 8
umwnmwwmmwmmfflm
086042092966208990028
&QQQQQOE
. 240 498808 298982 999244 999242 82992 274
242 400448 400722 400884 402046 402228 ¹73
²52 402262 402444 402604 402777 402949 279
x mwmwwwmmeMQQv
244 404688 404848 406029 406299 406870 272
QQQWQQQ

ψ

mwwmwwwmwmwaffi
4 247 420444 420946 422224 422284 422442 ¹⁶9
{2fimmmmmmwmmmmuffl
4 mmmmmwmmmmufflwm
,260 424808 428974 426242 426308 426474 267
'wmmfflfflmfflfflfflfflfflffl

m·

262 429229 429294 429460 429624 429792 264
269 420782 420944 422220 422274 422499 264
264 422426 422490 422744 422928 424082 264
ώηψπωωμωηωῆωωω
266 424697 424860 426029 426286 426949 269
QQQQQQQ
,268 428944 429206 429268 429429 429492 262
269 440449 440720 490882 492042 492204 262
*nuwffmfflmfflmmwmwm
27³ 488770 488980 484090 484049 484409 260
·muwumwmwwfflmmwm
{fflwwfflfffflfflfflfflffifflffl

fflmfflufflmnfflmmwmqss
,42 4224 2222 422 62 2
4277 444264 448409 448876 448780 448889 157
sssswmummwvmmumww
ἦ {2⁷9 44682 446 446692 446848 44700 2227

4

 

