, ...5- ...- .’.5., A. ..0.ῡὶ
066 5600οι 560500 560605 560506 560606ἶῦ
, 589 500505γ 500600 500500 500640 500050 ιιι
500 500600 500500 500840 500055 50006650 ’
500500 500840 500054 500064 500055 ιιι x
000 ,500840 500050 504060 504050 504060 ιιι
· 505055 505065 505056 505086 ιιι

*-

394 506045 506055 506065 506555 506465ῖι -
005 505046 505056 555066 505456 505586 ιι 5
006 508040 508050 508460 508550 50555555
00446 500556 500665 500554 ιιι
798 600408 00577 600646ς 600755 60086450
,000 Q 505005 Q 000850 Q 10
400 600607 600755 600859 600958 607076 0
, 607685 607794 607905 604050 604558 10
400 604766 604874 604985 605089 60559750
407 605847 605955 6. 6059 606566 606074 50Ι
404 606958 607006 607577 607040 607748 10

·fflQQQQQw

406 609060 609567 609074 609330, 609488 50
407 650508 650074 61034! 610447 650654 507
, 408 655590 ,650098 606405 600500Ἰ 655657 506
’,409 655054 650760 655466 650572 655678 506
Ι450 657757 657459 657505 613630 659776 506
00 600505ος055 §.Q-⁶³¹ 6086Ἦοοό

500 605404 6055000 60564 605540 5555545 10

8

 

