A Table of Mssflffthmss,

   
    
      
     
   
   
     
    
    
     
    
      
  

749 874487 8 “10 874798 874676 8747ι4
776 877961 8 ¹9 877ι77 877297 877793
77ι 877649 8 >8 877776 8778ι3 877871
75¹ 876218 Β 76 876333 876391 876449
75³ 876797 8 77 876919 876968 877,οὲ

774 87777Ι 877429 877487 877744 877691
777 877947 878694 878962 878119 878ι77
776 878727 878779 878617 878694 87877ι
777 879096 879173 879211 879768 879 77
778 879669 879776 879784 879841 879 98
ζγςρ saeua 880299 880356 880413 880471
769 880814 880871 880928 889985 881042
761 881385 881442 881499 881556 881613
1762 881975 882017 887069 882176 882183
’763 882774 887781 882638 887697 887779
[7⁶4 883093 883150 883207 883764 883321
⁴165 883661 883718 883775 883832 ‘3838ssss

ξ7Τ6 884729 884787 ssew 884399 884477
767 884795 884857 884909 884967 187027
7⁶⁸ 885361 887418 887474 857531 885587
771, 115916 11ς913 886039 ⁸⁸⁶09⁶ mm
1770 886491 886747 886604 886660 886716
77¹ 887054 887111 887167 887279 887280
ἦ 117617 angen semo 117716 117942
773 888179 88 736 888292 888348 888404
774 ww ses-197 aasz„ ss⁸e909 888965
775 889302 889358 889414 889479 889976
77⁶ 889862 119911 119977. 1999 9 990916
7-77 899491 890477 896733 8997 9 Q
778 89ο980 8911937 891091 391147 891703
⁷⁷⁹ {⁹⁸³³ {⁹23⁹} {⁹3⁶2ss {3212} 33:⁷53>
ἕξει, ΕΞ-ῗέξξ 8ξ77ἑ7 Βξ7762 897818 8977873
⁷3² {3332} {3333 33³}ss {⁹333} 333⁴?

 

 

        

