 

from 1, To 10000.

   

  

460 663130 663314 663413 663712 663607
461 664172 664166 664560 664454 664548
462 667112 665106 665399 ⁶⁶5393 ⁶⁶⁵4⁸7
⁴⁶3 6⁶⁶050 ⁶⁶⁶¹43 ⁶⁶⁶2„ 66633. 666414
464 666986 667079 ⁶⁶7¹7³ 667266 667359
⁴⁶5 ⁶⁶7920 ⁶68013 663106 667ι99 663163

466 667859 668947 669637 ⁶⁶9131 ⁶⁶9224
467 569782 669874 669967 670060 6701 3
4⁶8 ⁶707¹0 670802 670895 670988 6710 0
⁴⁶9 671636 671728 671821 671913 672905
470 ⁶725⁶0 672651 672744 6,--“)6 672919
ffl ⁶7³48² 673774 673660 ⁶: 58 673870

470 674401 674494 674786 ⁵: 17 674769
473 677340 677412 677703 677797 677687
474 676136 676318 676419 ⁶7⁶5¹1 676602
477 677170 677442 677333 677474 677716
476 678061 678174 678747 678335 673427
477 673973 679064 679375 679146 679337
478 679581 079973 680003 6570174 680447
479 680789 ⁶808? 680970 681060 681151
480 ⁶8¹⁶93 6817 ⁴ 681874 ⁶8:964 682055
481 682596 ⁶82686 682777 681867 682957
48² 683497 683787 683677 683767 633877
Δις-3 σεηςε §amm ⁶8457⁶ 684666 samo

484 637134 667383 687473 687763 637671
485 ⁶85=⁶9 ⁶86279 ⁶5⁶358 6364511 6365„
486 687083 68 172 687161 687351 687440
487 687975 &gom 688153 688242 688331
488 688865 688953 ⁶⁴9042 689131 ⁶89220
¹489 ⁶29753 689ϊ41 639930 690019 690107

490 690639 690727 690816 690907 690993
⁴9¹ ⁶9⁵524 691611 691700 691789 691877
49² 692496 692494 692583 692671 691759
493 693137. ’593377 693463 693771 693639
494 694106 604274 694312 694430 694717
407 697014 697131 69721 697307 697394

    

   
     
  

    

 

          
      

 

     

 

         
  

    
       
     

      

«eoqvoobvwm-ooo{omnm-commmmmm .

    

 

            

,φροωφοως

     

            

 

     

329999992’2‘:

    

