, . 745 854656 854676 854795 8

5 745 857454 6

2 ’ from 1, · To 56666.
:Q Ι8665 5 6 7 8 ’ ’9 4ὶ’

Ι744 88885 854846 854567 85Τ568 855445 ’5ῖ
745 855554 855455 855546 855576 855657 55
744 854444 854465 854444 854484 854445 55
54754 854854 55
75558 Ι855455 55

,1 755 855446 855477 855557 6003 856064 61

8 5822 855882 85594 8

...Ἄ-...-

56668 856668 Ῑζ
5

L 758 856457 85
57695 85755 8 7555 857575
,720 857654 857654 857754 857845 857875 5
755 858556 858456, 858557 858447 858477 5
756 858898 858898 858958 859658 859678 6“
745 855455 855455 855555 855645 855675 5
724 860038 860098 860158 860218 860278 6

8 755 866697 866697 866757 866857 866877 60
¹ 756 465596 865595 865955 867475 865475 60

7 · 757 867897 865899·“865955 865652 865675 6
, 728 862430 865489 865549 865668 865668 6 ,

, 759 869655 869685 869544 869564 869569

’ 799 865466 865459 865558 865578 865697

——a- ’mm-.-

5 796 8893Ξ6 869686 869799 869798 869888
755 854554 864574 864555 864554 864454
795 864868 864867 864956 864985 865645

794 865995 866655 866556 866569 866558
795 866589 866645 866765 866766 866859

7 73⁶ 867173 867232 867291 867350 888888 5

QQQQQQ',
ὉῸῸὍῸὉ

3 737 867762867821 557885 867555 ’867557 55

, 798 868956 868469 868468 868557 868586 59’
7 755 868558 868547 865456 864444 865475 55
740 869555 869584 869645 869765 869766 59
545 Q Q Q Q 8755454
745 976696 876755 876859 876875 876996 58

,ι 745 874484 874555 874558 874456. 874545 58 ’

’ 744 875865 877959 875985 875646 875698 58
745 875448 875546 875564 875655 875685 58
746 879596 879688 879546 879564 879565 58
747 879675 87966· 87 57 879 8 87 849 58

 

