nam—5* 7 9

—-——————=—

748 874191 874779 874ὅο8 874766 874424 ,
749 874772 874830 874 87 874947 875003 ·

⁷50 875351 {75409 877466 877724 877781 5

774 877679 877717 877774 877837 87 889 78
777 878134 878797 87 349 878467 87 ⁶4
755 878809 878866 878994 878981 479038
777 879783 879449 879497 879777 879612
778 879956 880013 880070 880117 8 185
759 880528 880585 8330642 880699 ἱ ,6
7⁶0 881099 881156 881113 881170 ἱ 18
7⁶¹ 881670 8817777 881784 881841 ⁵. »8
'75² 882240 882797 8873ς4 887411 ξ ,Δ ΞΒ
⁷⁶3 8828oe 881865 882973 882580 {383036
764 883777 883434 883491 887748· 887697
E} ⁸⁸-39-4j 3⁸4002 884079 884115 884171 ,
766 884712 884569 884625, 884687 884739
767 887078 885135 887191 887ι48 885 ος
768 887644 885700 885757 885813 885 70
⁷⁶9 886209 πόκος 886771 886378 886434 ·
770 886773 886829 886885 ⁸8⁶942 886998 '⁴
Ψ ⁸8733⁶ 827392 887449 887505 8875&
772 887898 887955 888011 888067 888123
773 888460 888516 888573 888629 888685
774 889021 889077 889133 889190 889246
775 889582 889638 889694 889750 889806
776 890141 890197 890253 890209 ⁸90365 ¹
6 890817- 890868 890924

778 891259 m 891370 891426 891482
773 891816 891 72 ⁸9=9²⁸ 891987 891639

 

