840444 4, 'To 10000.

¹ 888 8047448.ος 404880 404047 404444 404490

448 464469 464646 464486 46 03518 464644
313 504471 4646 67 464744 3504 878 505014

‘ 466 464868 50 4964 466699 466 644 4466476

3 444 509874 510008 440444 440477 440488
· 444 444444 444448 444486 4886 686 488Ἱέ4

444 4444 444 444684 5128185W12955130

. 446 444884 444046 444449 514282 514415

329 447844 447987 448449 448444 448484
440 449474 449404 449444 449 6489697

444 440484 440644 440744 4 49876 444007

444 444794 444944 444044 44448 4 444444

·QQQQQQ

334 524398 464 66 464646 4647 784 5²4915

s '335 525692 44 4844 525951 4476084 446 210
666 466984 467444 467644 467476 4674 64
337 528274 4484044 48444 448660 448788

68469449 469687 869844 469944 446676

446 4464474 446644 446476 446466 846667
44 444494, 44444 48 444644 444776 44 44899

4 446 444664 444787 444944 444644 44467

5

³ 348 542203

444967 446644 446 479 446466 530432
848 44 47489 4474 44 447444 44746 7 44 769
3453 448448 538574 448699 448864 488944

446 449764 449869 449944 4446679 446664
447 446944 844686 444664 446446 444444
444447 44444 44 4448 476 444704
349 543 447 543571 444696 4448 66 444944

6 444688 544812 444946 444666 554 4484

Ι 844 4496 46649 444726 4466 464
4

 

