4 74744 79914448 4479 4,
wwmpwummmmwwm

50 97449 974449 974499 994649 994799 ·
QQQUQQQQQQMQOE

mmmmmfflmmmmwmwz
53 936077 946067 946777 946767 946777 50
meaewwwummmwsm
55 9³701⁶ 977966 977116 977167 ’977117 4·
999Μ98ἽΜἏΜΜΜ89
4Η89Ψ89οΜ98ψω4·

..ο--Π-ι---σ-ι--ι Q-h—

68 936500 ¹933570 933680 978670 9487770 50·
69 979919 979979 979119 979179 949776 5.i .
wmmwmwmwmmsswqffi
7¹ 940078 940068 9401189401689402185·
7² 940516 940566 940676 946666 940716 4.. ¹
73 741074 941064 941114 941167 941213 ς ·

74 941411 941461 941611941669944476 44
74 941998 941948 941197 941147 947464 5·
76 941494 941444 941697 941947 947464 .
77 1947999 947949 947996 , , 9 ;
78 943494 943544 ,943593 , 943697 4··“
QQQQQQv
89 944487 944471 944481944641944444 4·
81 944976 944914 944974 944114 944144 ·
81 944469 944418 944467 944616 446644·
&mwwmwwmmmhmwv
84 946441916101 946441 946699 946649 4· ,
QQQQQQAE.
86 947474 947487 947471944487944440 4·
87 947914 947979 948911948979 947744 49
88 948417 918161 918411 948469 948699 4·
89 948991948971 948999 949948 999997 4·
99 Ι949799 949479 949488 949476 979484 494
·1··4878 949916 ἢ99 4 99914 9499 ,.

 

