496 699969 696667 696694
497 696799 696666 696966 697699 697646 67
496 699669 699796 697699 697966 696664 67
499 69 535 69 699 698709 698766 698889 87
966 699464 699496 699976 699664 699796 6

908 706999 706976

969 767644 767669 767969 767466 767469 89
999 707996 708984 708966 708999 708346 89
, 979 708846 708999 ’ 8 8 85

969 766669 766969 76699
¹ 966 766676 769694 76969
517 7¹3910 799994 794078 6 1
¹ 966 764749 764699 764966 769666 769664 2
649 969966 996-66 Q 769696 Q 6

964 769749 769666 ’769966 769994 766677 7
¹ 966, 996996 Q Q ⁷²0...{3.¹ 99966 ,66
996 799998 799489 797969 794646 799798 86
997 799999 799909 799987 799469 799999· 82·
528 769649 769667 769669 769696 769974 66
999 794866 763948 794090 794999 794794 8²
mnfflmwwmmvmwmnffl
9990 7998 7966 79 42 9808

 

