from 4, To 10000. ‹ “ .,
484 444444 ,448488 448444 448444 ’448444 444 v
484 444448 444644 444484 444444 Γ - 2
αῂῆωώμηῃῇἘωμηῃ
484 444444 444746 444 {⁹ 444444 444464 444
484 444484 454-33 4444 4 444444 444644 444

484 444446, 44444 444444 446464

484 448648 448484 448444 444444
288 466446 466496 466447 466497 · 8

- 484 464644 464444 464448 464448
444 464446 464446 464444 464444 4644444 4
444 464644 464484 464446 γ464484 464444 44 ³

, 494 466446 466474 466447 466474 466749 44 ⁴
293 467668 467756 464964 468644 468466 44
444 464484 464444 464484 464447 464644 ¹4

· 444 444444 444444 444844 44444 444444 44

448 444444 444444 444444 444484

444 446444 446444 446684 446844 446446 44
444 444844 444484 448444 Ὶ448448 448744 444
444 444484 444444 444444 444444 444 64
-ψηωῆώωὼωηωώώψᾏ

„wuffiwfflmfflmwwfflfflwm

-0-...9

14444484484 484444 484844 484444 484444 444

,444 48446 484444 484444 484444 48444 44

466 486444 486444 486444 486844 466448 4

wfflmwmwfflmfflmemm‘

468 484444 484446 484444 484644 484848 444 ,

309 Q Q Q} Q 88132388

310-492962 492201 492341 4984341

311 444448 444444 444444 444846 494644 44 -
= '312' 444844 444484 444448 444464 444446 44

444, 446444 446446 446444 446644 446444 444
’44 4444, 4444 444 4844 44444 ·

 

