A Table of 8888888816, ’
811 0 1 ' 2 3 4 Difl
{53 ⁸799] 5503st 8300—77'5 8Ξῖἷῇ 88212-’258 ’64

577 830389 830633 830713 83071 830843 64
578 831230 831294 83133 831422 831486 64
579 831870 831934 831998 831062 832116 64
680 832309 832373 832637 832700 832764 64
681 822141822211 822211 822228 822422 64

..ι- —n-——m

682 822184 822848 822212 822211 824222 64
683 834421 834484 834348 834611Ι 834673 64
684 833036 833120 833182 835247 835310 ⁶3
881 821621 82114 811811 821881 821244 6
626 8 6314 2363 7 236431 816114 826111 6
687 836937 837020 837083 Q „gy-{29 ⁶

www

688 821188 8”2“16“1”2 81111 821118 821841 6
689 838219 838282 838343 838408 838471 63
690 838849 838912 838973 839038 839101 63
221 822418 822141 822624822661822112 ⁶3
692 840106 840169 840232 840294 840337 63
622 842122. 842126 842812 Q 841124 2
694 {asu-3⁸3} 848466 848483 841347 841610 63
693 84193 842047 8421101842171 842233 6
696 841609 842672 842734 841796 Ξ42839 61

Q>

‘'r-un·-

3846933 847017 847079 847141 847202 61
Ι84112841624 841622 841118 847812 61
801 88181 818211 ,818212 828212 Q ,2
766 848803 848866 848918 Μ 849031 61 ,

842412 842481 842142 842624 842661 61
708 830033· 850095 1830136 830217 850279 61
709 830646 850707 830769 830830 830891 61 1
⁷10 811218 811212 811281 811442 8111112 61 .
711 83186· 81· 1 8’19·2 8 2033 832114 61 ’

 

